262.51
259.52
257.55
249.85
248.98
242.84
251.44
288.53
296.91
321.22
350
328.49
330.24
311.18
320.72
338.74
346
342.03
339.64
352.56
338.59
338.23
332.89
345.16
357.09
351.42
357.93
369.49
389.22
389.79
400.99
424.77
418.1
436.23
463.02
479.86
440.13
436.17
421.06
430.6
462.28
454.13
431.66
417.41
403.84
379.28
410.44
411.05
394.36
394.94
394.74
403.31
396.36
428.22
413.82
426.5
424.07
415.11
412.38
406.58
397.15
398.09
389.1
400.28
404.6
383.68
392.21
378.17
374.32
361.62
350.73
328.5
336.51
355.94
355.84
354.11
360.56
354.4
337.8
330.53
302.8
290.8
281.95
292.98
284.65
272.04
279.1
263.45
262.67
222.15
230.58
248.09
240.68
249.98
238.01
225.31
235.86
236.26
248.71
278.39
288.14
272.06
273.13
263.55
259.16
268.46
282.76
267.28
239.43
233.29
221.86
272.2
252.4
252.31
252.35
254.11
241.55
241.37
227.5
237.97
250.74
259.51
284.95
285.88
292.03
282.16
280.52
287.21
280.26
275.35
276.22
284.82
298.26
318.38
334.07
347.68
342.82
349.98
342.09
343.82
334.62
341.04
339.34
362.89
356.9
358.43
346.46
342.69
344.27
332.05
284.7
295.14
308.58
326.09
326.43
319.11
325.31
329.13
316.35
322.05
322.16
348.68
340.47
327.55
325.78
323.63
317.66
300.71
315.65
315.35
293.94
297.81
295.88
309.87
313.51
316.9
310.78
321.67
319.41
329.65
328.49
332.11
332.56
305.3
316.06
325.59
321.2
319.04
308.27
302.63
309.26
308.72
319.91
322.27
329.65
339.03
340.84
339.38
335.58
330.56
335.16
329.31
323.9
320.11
340.01
346.6
351.67
349.6
345.98
333.87
329.36
334.09
338.53
350.84
346.4
346.97
347.79
368.81
395.94
410.04
421.62
425.86
416.85
426.07
434.21
425.85
442.79
423.39
440.4
443.21
444.72
459.46
436
429.83
453.25
433.09
438.69
435.54
413.49
435.9
429.24
435.15
428.75
439.31
447.43
442.6
438.97
448.98
433.72
452.42