286.82
287.60
292.97
288.51
287.64
288.30
286.87
285.54
285.55
287.71
293.00
301.30
305.21
305.57
304.25
304.68
302.26
302.11
302.60
300.53
303.99
296.72
302.11
302.34
300.30
302.14
303.57
301.34
287.78
293.08
298.65
298.80
303.46
303.99
301.05
297.33
296.79
298.43
303.08
301.88
302.02
302.85
293.30
297.02
300.36
312.32
311.48
312.56
317.95
322.25
325.87
321.34
316.42
317.04
315.25
318.95
317.45
316.53
315.83
320.53
320.15
316.77
310.26
309.57
306.40
307.50
311.04
312.85
309.92
303.86
295.40
295.53
293.34
296.10
294.20
300.96
295.49
283.47
284.18
275.64
273.21
261.32
255.39
260.75
256.43
265.63
264.38
262.72
270.65
270.83
270.51
277.86
279.28
276.00
272.02
265.48
269.05
270.48
275.25
247.82
233.68
234.28
231.39
262.36
246.89
251.13
255.38
257.86
252.92
251.31
242.51
252.42
260.14
267.32
264.81
264.95
267.02
266.41
268.54
276.85
278.03
275.37
276.24
283.66
284.51
298.92
302.30
300.10
299.55
299.72
299.30
296.17
286.00
287.18
285.22
293.76
293.36
295.38
294.05
295.33
297.39
295.93
295.96
302.47
301.56
299.52
299.10
297.99
287.79
294.22
292.81
296.42
298.59
299.63
308.38
308.59
311.42
317.19
318.98
322.53
325.61
328.13
322.73
316.98
317.35
325.24
319.47
320.92
310.65
311.90
315.35
307.95
302.97
304.14
308.66
308.25
311.61
310.74
308.54
303.41
299.31
294.27
298.59
296.64
295.54
294.73
297.43
296.23
303.21
306.87
307.73
305.47
307.05
306.10
308.40
308.17
319.16
315.80
320.60
322.46
326.99
331.28
331.18
323.71
330.65
326.22
325.41
324.34
323.35
329.32
325.31
327.26
327.04
336.00
341.67
341.12
340.98
341.47
340.48
340.18
341.68
342.31
332.16
328.56
330.48
330.24
331.99
327.97
323.82
324.44
316.26
323.12
332.85
330.66
323.12
346.62
349.48
355.22
352.00
354.93
357.56
361.67
361.03
358.22
358.88
360.73
361.62
360.49
365.80
365.73