170.59
171.40
174.95
176.49
175.76
173.80
169.43
172.73
176.18
172.20
173.17
177.24
179.10
179.01
178.44
180.48
176.37
176.09
176.88
175.89
178.48
175.64
173.90
176.41
176.02
175.09
179.50
177.00
165.39
167.65
171.00
169.94
171.81
170.57
169.34
169.60
167.75
170.65
174.96
175.02
170.00
173.72
170.12
168.37
169.33
171.19
170.85
174.48
178.10
177.68
183.13
183.32
182.48
184.49
185.78
188.57
188.83
190.80
194.57
195.99
196.45
195.54
192.63
193.09
200.89
205.64
213.38
211.97
213.24
202.25
199.94
195.87
191.27
198.60
195.84
198.44
198.10
193.41
195.08
180.11
178.08
177.86
183.73
187.70
178.29
183.50
189.86
185.21
190.66
192.93
190.62
198.98
199.72
192.87
194.02
182.61
182.77
182.42
189.25
173.99
163.16
166.30
165.75
188.58
178.52
180.49
181.85
181.55
179.39
181.24
171.82
176.61
181.19
187.22
187.76
187.88
191.23
192.89
196.20
205.09
205.40
190.11
176.99
182.96
183.52
192.10
197.80
196.84
197.10
202.00
202.18
205.18
204.77
200.87
206.15
204.89
206.59
204.58
208.65
212.79
213.70
220.23
215.84
218.45
217.49
214.97
217.80
216.60
218.96
221.73
219.39
220.58
220.46
230.32
236.17
232.68
239.64
242.315
246.51
238.01
238.80
238.79
246.89
241.47
246.06
238.24
240.44
242.85
236.77
234.50
235.02
239.17
240.53
239.82
240.56
243.69
249.92
246.44
243.20
248.00
250.25
248.35
258.02
255.28
258.08
270.99
259.19
256.09
264.32
254.20
247.44
248.00
253.34
248.37
243.82
245.18
247.32
245.28
248.79
245.65
247.33
245.25
244.10
248.83
248.78
246.85
250.60
256.53
257.43
260.19
257.98
258.09
263.09
259.25
268.07
265.29
262.75
265.75
260.74
262.08
262.47
272.50
271.99
267.64
270.09
271.22
281.74
276.78
281.05
275.44
266.02
273.52
270.54
272.61
266.67
263.06
265.37
261.97
252.31
254.59
258.15
263.35
261.42
266.06
254.07
254.37
242.05
239.93
238.00
196.46