182.28
179.86
181.97
183.32
180.49
177.35
173.89
176.80
179.58
177.33
169.24
166.57
169.43
170.62
170.82
170.49
172.98
173.02
176.09
174.31
176.49
177.10
186.53
196.71
193.63
191.38
198.16
197.12
190.15
189.70
192.96
195.99
197.57
197.10
194.04
192.69
190.44
190.63
193.13
197.96
196.71
195.39
193.17
192.29
191.05
196.98
194.41
197.55
199.63
200.03
199.58
201.90
193.77
197.07
197.18
202.63
205.60
202.64
207.71
193.30
193.31
187.14
188.20
187.07
185.43
187.88
186.87
185.80
187.13
186.64
181.58
181.19
177.37
174.70
170.21
172.22
168.66
172.61
174.99
174.21
175.75
167.81
165.98
169.00
164.73
167.62
166.57
162.67
166.28
165.05
166.25
169.93
172.79
167.14
164.08
156.06
156.23
158.88
158.86
152.63
147.74
149.24
146.58
161.06
155.37
159.40
161.47
158.68
155.50
153.36
149.86
153.90
157.72
161.47
163.85
162.42
162.06
160.89
162.79
165.81
166.05
165.20
152.80
155.75
154.38
159.58
160.89
166.81
165.40
167.43
167.87
165.32
170.06
171.98
169.59
173.98
173.38
172.96
172.85
170.37
167.71
169.39
169.81
174.92
177.63
180.01
178.79
176.97
175.88
177.94
177.23
173.98
167.73
166.01
167.74
171.49
174.43
178.27
177.39
176.91
179.76
180.55
177.56
175.16
177.66
178.70
181.31
182.81
183.10
183.77
184.70
185.94
191.15
192.11
191.51
193.20
194.08
193.42
196.43
197.44
192.86
189.95
195.75
195.32
196.92
197.28
202.09
201.63
204.16
203.03
203.82
204.91
204.29
202.49
200.19
200.62
206.72
209.16
207.95
208.21
212.37
213.53
211.99
231.10
232.66
235.17
234.16
239.94
239.56
240.78
241.38
251.76
251.42
249.85
252.33
255.24
252.88
252.34
247.83
246.57
247.18
244.36
243.55
245.54
246.43
246.45
251.51
247.13
245.46
242.21
237.49
244.64
246.19
251.71
251.88
253.79
257.02
251.34
252.53
253.73
260.51
269.93
268.43
275.17
281.90
281.82
284.12
278.06
284.75
285.34