294.66
298.97
301.53
298.65
297.35
298.56
292.63
291.10
290.73
290.91
288.47
290.28
296.19
296.33
295.08
296.01
292.44
294.50
295.09
299.47
298.98
301.37
300.71
296.10
296.63
296.60
297.71
296.08
290.88
290.23
292.68
291.29
293.99
294.80
293.62
289.60
289.89
292.51
294.78
292.18
289.34
286.90
282.31
283.63
281.58
282.30
279.74
280.95
282.61
281.35
284.43
285.46
293.09
291.15
290.11
290.32
288.70
290.05
289.77
288.83
294.36
294.30
308.42
310.21
307.60
310.02
308.55
304.83
301.94
303.05
304.81
307.57
310.72
304.27
309.95
308.33
304.29
305.77
307.45
310.37
321.29
317.25
306.76
299.40
297.50
299.83
303.97
303.60
306.92
307.00
305.44
305.67
306.92
313.58
312.69
307.09
312.37
313.63
311.58
318.27
300.11
299.89
299.83
303.96
306.78
309.90
316.07
312.48
309.10
311.30
308.72
319.08
318.48
316.22
316.74
316.81
314.50
319.65
313.64
311.96
315.72
316.79
318.13
313.49
313.68
311.92
308.69
307.50
314.48
318.61
321.23
319.80
316.44
314.31
314.57
314.95
312.84
311.86
313.85
312.68
312.39
311.57
308.98
307.36
304.78
300.43
301.72
303.16
301.91
296.29
292.31
289.63
287.46
289.52
291.47
285.55
285.63
291.55
292.17
297.49
294.63
294.08
293.53
291.67
293.02
298.39
299.91
301.88
299.62
298.90
300.37
297.07
295.74
299.17
298.12
294.48
298.47
299.22
302.67
303.61
300.07
302.89
304.23
298.77
307.66
307.91
305.45
304.36
301.64
305.07
308.95
308.93
308.70
310.93
313.08
313.22
314.07
313.44
312.94
311.43
312.22
313.54
315.76
316.39
316.99
314.38
312.80
312.52
305.94
308.43
305.40
302.07
303.29
304.97
301.14
302.38
302.99
303.19
304.33
302.30
305.24
302.99
303.89
300.52
299.88
300.98
296.04
296.32
294.40
293.81
297.01
300.11
304.56
305.25
305.33
308.09
307.77
307.48
310.11
306.97
305.79
310.00
306.40
302.35
302.43
298.43
296.37
299.21
305.67
298.41