131.44
134.80
129.23
127.75
132.06
131.88
124.78
129.42
137.16
136.27
158.02
146.67
141.90
135.61
140.04
140.69
141.64
149.83
154.23
153.09
162.76
167.17
155.93
165.92
163.51
172.65
178.10
168.79
160.65
163.72
170.71
168.61
177.41
176.74
173.54
165.53
163.44
165.91
177.74
179.49
172.32
172.01
167.08
164.65
164.82
170.69
174.87
175.33
188.32
183.74
181.99
182.40
180.83
194.75
202.00
198.93
199.55
202.31
215.31
221.16
216.51
225.23
224.93
213.76
216.47
204.95
196.38
187.13
189.66
175.44
166.40
165.57
159.99
168.10
159.78
161.78
162.45
159.17
168.52
150.72
133.98
107.29
122.73
130.68
121.53
128.21
125.56
110.10
109.91
108.75
115.70
124.94
125.43
120.20
110.23
107.71
104.90
110.05
109.50
96.90
86.91
93.00
88.89
110.86
102.01
101.15
98.26
96.46
95.38
96.16
94.15
101.66
107.17
112.25
118.10
121.21
122.14
116.57
118.79
113.83
116.33
109.99
105.53
107.83
108.46
111.21
112.84
125.32
113.59
113.23
107.99
105.64
95.85
98.32
100.76
104.62
105.43
109.03
112.35
112.11
110.86
118.21
112.24
121.29
117.53
117.09
115.03
116.20
118.18
126.20
133.84
141.16
139.15
134.14
140.79
141.68
143.95
143.01
150.57
152.23
159.34
157.03
153.37
145.96
145.65
143.00
145.59
146.38
144.80
144.31
142.52
148.24
146.29
145.80
146.10
148.13
149.66
151.60
144.85
149.33
160.59
188.64
201.76
199.09
212.81
211.82
215.44
220.75
224.02
234.77
243.47
246.50
241.76
228.18
218.37
218.65
217.31
219.73
219.43
211.10
225.54
225.08
220.06
223.14
232.11
240.00
229.98
240.20
259.03
260.54
254.29
263.64
266.66
266.47
270.71
264.48
257.56
237.45
235.69
232.75
240.11
241.98
229.99
202.60
200.92
207.20
203.63
205.92
202.29
211.70
198.55
203.68
196.35
200.76
198.97
194.95
202.48
205.71
197.05
200.82
214.20
219.24
212.97
210.77
194.42
208.95
204.98
187.77
196.27
183.64