83.85
84.83
84.21
84.99
85.50
84.47
84.25
84.08
86.60
87.18
88.39
90.44
89.50
91.31
91.88
92.50
92.64
93.51
94.45
95.30
95.70
93.83
94.55
94.96
94.09
94.25
94.87
95.42
93.55
93.40
92.24
90.35
92.68
92.79
91.66
90.57
90.35
90.00
90.78
91.43
90.81
91.80
93.00
91.53
90.79
91.34
91.30
91.94
93.08
93.23
93.81
94.76
97.40
97.29
97.50
98.65
98.16
99.54
100.77
102.46
102.85
101.15
102.92
102.47
103.61
105.05
104.04
103.78
104.00
97.21
94.78
93.67
97.69
96.20
96.79
98.61
97.59
94.97
95.98
94.64
91.72
87.82
87.44
85.20
84.50
85.35
87.46
85.59
86.33
85.81
85.98
87.49
84.76
85.21
85.63
85.15
87.79
88.83
89.76
87.26
83.19
83.83
81.79
89.60
90.61
92.80
94.73
93.97
91.19
93.22
92.41
94.85
94.96
95.84
95.09
95.22
96.04
97.25
97.41
98.75
99.33
98.55
98.83
97.43
96.72
96.75
95.88
96.83
96.35
98.24
98.12
97.80
96.43
95.93
96.34
97.58
97.24
97.10
98.72
99.77
99.98
99.35
97.96
97.47
97.45
97.32
95.80
94.83
94.44
94.29
94.25
95.09
96.12
97.87
98.00
97.26
96.02
97.27
97.78
98.24
97.61
98.36
99.35
97.09
96.81
94.86
94.40
95.78
95.39
95.15
95.09
95.05
95.67
95.85
95.68
96.60
97.47
97.61
98.33
97.59
97.98
98.49
99.59
99.31
103.36
103.12
103.73
103.93
103.62
100.99
100.85
100.00
100.70
101.29
102.57
97.96
96.83
96.07
96.05
96.08
96.11
96.98
97.85
99.44
100.93
100.51
102.28
102.29
100.41
102.65
103.49
103.69
103.42
104.27
103.60
102.33
102.82
102.52
102.73
103.05
103.16
103.08
103.06
101.96
101.70
102.07
102.70
103.24
102.90
101.77
101.84
102.12
107.21
109.03
106.47
107.73
107.05
106.22
107.14
106.86
106.17
104.47
103.17
102.46
102.23
101.18
101.59
102.27
101.47
101.68