121.15
121.11
120.47
120.35
121.47
120.56
119.31
120.31
118.63
120.32
121.93
121.79
119.97
117.97
117.66
117.96
117.85
117.67
114.28
114.78
113.57
112.90
112.67
111.92
111.82
110.84
108.47
108.01
106.42
105.51
105.87
106.30
106.40
106.49
106.48
105.76
107.57
107.31
107.86
107.74
108.75
106.93
106.54
109.29
109.72
111.51
111.32
112.32
111.47
109.53
110.15
108.66
110.17
108.04
108.67
109.57
106.83
107.09
109.96
109.88
108.43
108.89
110.97
111.67
107.35
108.13
108.24
110.14
110.30
112.00
110.69
111.27
109.73
109.46
110.15
111.33
107.76
107.54
105.44
107.62
109.02
111.80
109.16
109.13
108.67
111.90
113.76
113.64
115.41
115.90
115.50
115.80
116.59
118.27
117.89
117.73
118.93
119.04
118.67
112.43
104.34
102.94
100.77
105.80
99.93
103.14
103.39
103.10
104.19
106.92
105.35
108.30
107.37
108.63
108.57
108.63
108.36
105.63
105.78
106.21
103.27
104.71
104.61
106.07
107.31
109.16
109.46
108.48
108.58
108.19
106.47
104.95
103.66
102.97
103.03
103.52
102.11
102.69
102.30
103.05
103.80
102.30
101.83
104.27
104.97
107.22
109.31
109.73
112.12
112.48
114.00
113.19
114.70
111.74
108.34
108.37
109.99
109.38
107.80
109.24
111.05
112.20
111.11
114.19
113.80
114.93
115.43
113.92
112.91
112.23
111.66
107.77
108.05
108.54
109.93
110.79
110.40
111.44
112.88
111.90
111.64
109.64
107.37
107.24
106.51
105.95
106.80
105.83
106.13
107.60
107.38
106.49
106.72
107.42
108.53
109.23
111.28
111.74
111.49
112.75
113.35
114.29
114.69
111.91
112.40
109.23
109.85
110.65
112.50
112.14
112.16
112.35
114.68
115.29
113.93
112.82
112.02
113.95
114.56
115.59
117.22
114.22
112.75
111.99
111.29
113.26
114.20
114.26
114.02
112.91
110.73
112.24
112.29
111.61
110.64
112.24
112.70
112.71
114.71
115.98
115.39
115.94
115.03
116.45
114.69
114.36
113.76
114.14
113.68
114.50